4.0	// Size
0.25	// Height
23	// Count

6 6 6 6 6 6 6 6 6 6 6 6 6 6 6 6 6 6 6 6 6 6 6 
6 2 2 2 2 2 2 2 2 2 2 6 2 2 2 2 2 2 2 2 2 2 6 
6 3 6 6 6 2 6 6 6 6 2 6 2 6 6 6 6 2 6 6 6 3 6 
6 2 6 6 6 2 6 6 6 6 2 6 2 6 6 6 6 2 6 6 6 2 6 
6 2 2 2 2 2 2 2 2 2 2 2 2 2 2 2 2 2 2 2 2 2 6 
6 2 6 6 6 2 6 2 6 6 6 6 6 6 6 2 6 2 6 6 6 2 6 
6 2 2 2 2 2 6 2 6 6 6 6 6 6 6 2 6 2 2 2 2 2 6 
6 6 6 6 6 2 6 2 2 2 2 6 2 2 2 2 6 2 6 6 6 6 6 
6 6 6 6 6 2 6 6 6 6 2 6 2 6 6 6 6 2 6 6 6 6 6 
6 6 6 6 6 2 6 1 1 1 1 1 1 1 1 1 6 2 6 6 6 6 6 
6 6 6 6 6 2 6 1 7 7 7 2 7 7 7 1 6 2 6 6 6 6 6 
1 1 1 1 1 1 1 1 7 3 3 3 3 3 7 1 1 1 1 1 1 1 1 
6 6 6 6 6 2 6 1 7 8 8 8 8 8 7 1 6 2 6 6 6 6 6 
6 6 6 6 6 2 6 1 1 1 1 1 1 1 1 1 6 2 6 6 6 6 6 
6 6 6 6 6 2 6 6 6 6 2 6 2 6 6 6 6 2 6 6 6 6 6 
6 6 6 6 6 2 6 2 2 2 2 6 2 2 2 2 6 2 6 6 6 6 6 
6 2 2 2 2 2 6 2 6 6 6 6 6 6 6 2 6 2 2 2 2 2 6 
6 2 6 6 6 2 6 2 6 6 6 6 6 6 6 2 6 2 6 6 6 2 6 
6 2 2 2 2 2 2 2 2 2 2 2 2 2 2 2 2 2 2 2 2 2 6 
6 2 6 6 6 2 6 6 6 6 2 6 2 6 6 6 6 2 6 6 6 2 6 
6 3 6 6 6 2 6 6 6 6 2 6 2 6 6 6 6 2 6 6 6 3 6 
6 2 2 2 2 2 2 2 2 2 2 6 2 2 2 2 2 2 2 2 2 2 6 
6 6 6 6 6 6 6 6 6 6 6 6 6 6 6 6 6 6 6 6 6 6 6 
